第1个解，目标值1为：1089.40，目标值2为：12.33
1->(2,2,3)
 2->(1,2,3)
 3->(2,1,3)
 4->(2,1,2)
 5->(3,2,3)
 6->(2,2,1)
 7->(2,2,2)
 8->(3,2,1)
 9->(1,2,1)
 10->(1,1,3)
 11->(2,1,1)
 12->(3,1,2)
 13->(1,2,2)
 14->(1,1,1)
 15->(1,1,2)
 第2个解，目标值1为：1051.42，目标值2为：19.33
1->(1,1,1)
 2->(3,2,2)
 3->(3,1,1)
 4->(3,1,2)
 5->(1,1,3)
 6->(2,2,1)
 7->(2,2,2)
 8->(2,1,3)
 9->(1,2,1)
 10->(1,1,2)
 11->(2,1,2)
 12->(1,2,3)
 13->(2,2,3)
 14->(3,1,3)
 15->(3,2,3)
 第3个解，目标值1为：1028.24，目标值2为：33.33
1->(1,1,2)
 2->(1,2,2)
 3->(1,2,1)
 4->(3,1,2)
 5->(1,1,3)
 6->(2,2,1)
 7->(3,2,2)
 8->(2,1,3)
 9->(1,1,1)
 10->(2,1,2)
 11->(2,2,2)
 12->(1,2,3)
 13->(2,2,3)
 14->(3,1,3)
 15->(3,2,3)
 第4个解，目标值1为：1035.58，目标值2为：26.33
1->(1,1,1)
 2->(1,1,2)
 3->(1,2,1)
 4->(3,1,2)
 5->(1,1,3)
 6->(2,2,1)
 7->(3,2,2)
 8->(2,1,3)
 9->(1,2,2)
 10->(2,1,2)
 11->(2,2,2)
 12->(1,2,3)
 13->(2,2,3)
 14->(3,1,3)
 15->(3,2,3)
 第5个解，目标值1为：1026.44，目标值2为：39.33
1->(1,1,2)
 2->(1,2,2)
 3->(1,2,1)
 4->(3,1,2)
 5->(1,1,3)
 6->(2,2,1)
 7->(3,2,2)
 8->(2,1,3)
 9->(1,1,1)
 10->(2,1,2)
 11->(2,2,3)
 12->(1,2,3)
 13->(2,2,2)
 14->(3,1,3)
 15->(3,2,3)
 第6个解，目标值1为：1041.38，目标值2为：24.33
1->(2,1,3)
 2->(1,1,2)
 3->(1,2,2)
 4->(2,1,2)
 5->(1,1,3)
 6->(2,2,1)
 7->(3,2,2)
 8->(1,2,1)
 9->(1,1,1)
 10->(2,2,2)
 11->(3,1,2)
 12->(1,2,3)
 13->(2,2,3)
 14->(3,1,3)
 15->(3,2,3)
 第7个解，目标值1为：1073.64，目标值2为：13.33
1->(1,1,1)
 2->(1,2,1)
 3->(3,1,1)
 4->(3,1,2)
 5->(1,1,3)
 6->(2,2,1)
 7->(2,2,2)
 8->(2,1,3)
 9->(2,1,1)
 10->(1,2,2)
 11->(3,2,2)
 12->(1,2,3)
 13->(2,2,3)
 14->(3,1,3)
 15->(3,2,3)
 第8个解，目标值1为：1059.76，目标值2为：17.33
1->(1,1,1)
 2->(1,2,1)
 3->(2,2,1)
 4->(1,1,2)
 5->(2,1,2)
 6->(3,1,2)
 7->(2,2,2)
 8->(2,1,3)
 9->(2,1,1)
 10->(1,2,2)
 11->(3,2,2)
 12->(1,2,3)
 13->(2,2,3)
 14->(1,1,3)
 15->(3,2,3)
 第9个解，目标值1为：1044.73，目标值2为：21.33
1->(1,1,1)
 2->(1,2,2)
 3->(1,2,3)
 4->(3,1,2)
 5->(3,2,2)
 6->(2,2,1)
 7->(2,2,2)
 8->(2,1,3)
 9->(1,2,1)
 10->(1,1,2)
 11->(1,1,3)
 12->(2,1,2)
 13->(2,2,3)
 14->(3,1,3)
 15->(3,2,3)
 第10个解，目标值1为：1052.31，目标值2为：19.33
1->(1,2,1)
 2->(1,1,2)
 3->(1,2,2)
 4->(3,1,2)
 5->(1,1,1)
 6->(2,2,1)
 7->(3,2,2)
 8->(2,1,3)
 9->(2,1,2)
 10->(2,2,2)
 11->(1,1,3)
 12->(2,1,1)
 13->(1,2,3)
 14->(2,2,3)
 15->(3,2,3)
 第11个解，目标值1为：1065.15，目标值2为：15.33
1->(1,1,1)
 2->(1,2,1)
 3->(2,2,1)
 4->(1,1,2)
 5->(2,1,2)
 6->(3,1,2)
 7->(2,2,2)
 8->(2,1,3)
 9->(2,1,1)
 10->(1,2,2)
 11->(1,1,3)
 12->(3,2,2)
 13->(1,2,3)
 14->(2,2,3)
 15->(3,2,3)
 第12个解，目标值1为：1054.11，目标值2为：18.33
1->(1,2,1)
 2->(1,2,2)
 3->(1,2,3)
 4->(3,1,2)
 5->(1,1,1)
 6->(2,2,1)
 7->(3,2,2)
 8->(2,1,3)
 9->(2,1,2)
 10->(2,2,2)
 11->(1,1,3)
 12->(2,1,1)
 13->(2,2,3)
 14->(3,1,3)
 15->(3,2,3)
 第13个解，目标值1为：1041.79，目标值2为：23.33
1->(1,2,1)
 2->(1,1,2)
 3->(3,1,3)
 4->(3,1,2)
 5->(1,1,1)
 6->(2,2,1)
 7->(3,2,2)
 8->(2,1,3)
 9->(2,1,2)
 10->(1,2,2)
 11->(2,2,2)
 12->(1,1,3)
 13->(1,2,3)
 14->(2,2,3)
 15->(3,2,3)
 第14个解，目标值1为：1090.36，目标值2为：11.33
1->(1,1,1)
 2->(1,2,1)
 3->(3,1,1)
 4->(3,1,2)
 5->(1,1,3)
 6->(2,2,1)
 7->(2,2,2)
 8->(2,1,3)
 9->(2,1,1)
 10->(1,2,2)
 11->(3,2,2)
 12->(1,2,3)
 13->(2,2,3)
 14->(3,2,1)
 15->(3,1,3)
 第15个解，目标值1为：1032.48，目标值2为：32.33
1->(1,1,2)
 2->(1,2,2)
 3->(3,1,3)
 4->(3,1,2)
 5->(1,1,1)
 6->(2,2,1)
 7->(3,2,2)
 8->(2,1,3)
 9->(2,1,2)
 10->(2,2,2)
 11->(1,1,3)
 12->(1,2,1)
 13->(1,2,3)
 14->(2,2,3)
 15->(3,2,3)
 第16个解，目标值1为：1066.95，目标值2为：14.33
1->(1,1,1)
 2->(1,2,1)
 3->(2,2,1)
 4->(1,1,2)
 5->(3,1,2)
 6->(1,2,3)
 7->(2,2,2)
 8->(2,1,3)
 9->(2,1,1)
 10->(1,2,2)
 11->(1,1,3)
 12->(3,2,2)
 13->(2,2,3)
 14->(3,1,3)
 15->(3,2,3)
 第17个解，目标值1为：1031.09，目标值2为：33.33
1->(1,1,1)
 2->(1,1,2)
 3->(1,2,1)
 4->(3,1,2)
 5->(1,1,3)
 6->(2,2,1)
 7->(3,2,2)
 8->(2,1,3)
 9->(2,2,3)
 10->(2,1,2)
 11->(2,2,2)
 12->(1,2,3)
 13->(1,2,2)
 14->(3,1,3)
 15->(3,2,3)
 第18个解，目标值1为：1034.69，目标值2为：28.33
1->(3,1,3)
 2->(1,2,2)
 3->(1,2,3)
 4->(3,1,2)
 5->(3,2,2)
 6->(2,2,1)
 7->(2,2,2)
 8->(2,1,3)
 9->(1,2,1)
 10->(1,1,2)
 11->(2,1,2)
 12->(1,1,3)
 13->(2,2,3)
 14->(1,1,1)
 15->(3,2,3)
 第19个解，目标值1为：1039.34，目标值2为：25.33
1->(1,1,1)
 2->(1,2,2)
 3->(1,2,3)
 4->(3,1,2)
 5->(3,2,2)
 6->(2,2,1)
 7->(2,2,2)
 8->(2,1,3)
 9->(1,2,1)
 10->(1,1,2)
 11->(2,1,2)
 12->(1,1,3)
 13->(2,2,3)
 14->(3,1,3)
 15->(3,2,3)
 第20个解，目标值1为：1047.18，目标值2为：20.33
1->(1,2,1)
 2->(1,1,2)
 3->(1,2,3)
 4->(3,1,2)
 5->(1,1,1)
 6->(2,2,1)
 7->(3,2,2)
 8->(2,1,3)
 9->(2,1,2)
 10->(2,2,2)
 11->(1,1,3)
 12->(1,2,2)
 13->(2,2,3)
 14->(3,1,3)
 15->(3,2,3)
 第21个解，目标值1为：1060.66，目标值2为：16.33
1->(1,1,1)
 2->(1,2,1)
 3->(2,2,1)
 4->(1,1,2)
 5->(2,1,2)
 6->(3,1,2)
 7->(2,2,2)
 8->(3,2,2)
 9->(2,1,1)
 10->(1,2,2)
 11->(1,1,3)
 12->(2,1,3)
 13->(1,2,3)
 14->(2,2,3)
 15->(3,2,3)
 第22个解，目标值1为：1083.67，目标值2为：13.33
1->(1,1,1)
 2->(1,2,1)
 3->(3,2,3)
 4->(3,1,2)
 5->(1,1,3)
 6->(2,2,1)
 7->(2,2,2)
 8->(2,1,3)
 9->(2,1,1)
 10->(1,2,2)
 11->(3,2,2)
 12->(1,2,3)
 13->(2,2,3)
 14->(3,2,1)
 15->(3,1,3)
 